symbol,entry_timestamp,exit_timestamp,entry_hour,exit_hour,entry_reason,exit_reason,entry_price,exit_price,quantity,pnl,costs,hold_bars,entry_confidence,entry_metadata
NVDA,2025-04-07T17:15:00+00:00,2025-04-07T18:00:00+00:00,17,18,stock_trend_breakout,trailing_stop,98.31861,98.28426,0.01000,-0.05054,0.05020,3,1.00000,"{'atr_proxy': 0.01941101199292691, 'momentum_20': 0.09537132024977701}"
NVDA,2025-04-08T13:45:00+00:00,2025-04-08T14:15:00+00:00,13,14,stock_trend_breakout,trailing_stop,104.65751,104.64245,0.01000,-0.05036,0.05021,2,1.00000,"{'atr_proxy': 0.011284307162666088, 'momentum_20': 0.04029048945483482}"
NVDA,2025-04-09T16:45:00+00:00,2025-04-09T17:15:00+00:00,16,17,stock_trend_breakout,take_profit,100.75560,106.38195,0.01000,0.00606,0.05021,2,1.00000,"{'atr_proxy': 0.0158936397627079, 'momentum_20': 0.05115589433016621}"
NVDA,2025-04-11T13:45:00+00:00,2025-04-11T14:15:00+00:00,13,14,stock_trend_breakout,stop_loss,110.43915,107.60660,0.01000,-0.07854,0.05022,2,1.00000,"{'atr_proxy': 0.012052560036248286, 'momentum_20': 0.02823332090942965}"
NVDA,2025-04-11T16:30:00+00:00,2025-04-11T18:30:00+00:00,16,18,stock_trend_breakout,time_stop,111.06943,110.25085,0.01000,-0.05841,0.05022,8,1.00000,"{'atr_proxy': 0.014507105327892114, 'momentum_20': 0.02417958656330743}"
NVDA,2025-04-11T19:30:00+00:00,2025-04-14T13:00:00+00:00,19,13,stock_trend_breakout,take_profit,110.60920,115.15945,0.01000,-0.00472,0.05023,6,1.00000,"{'atr_proxy': 0.006605139341295729, 'momentum_20': 0.008302162211476949}"
NVDA,2025-04-15T14:00:00+00:00,2025-04-15T14:15:00+00:00,14,14,stock_trend_breakout,stop_loss,112.01960,110.94065,0.01000,-0.06101,0.05022,1,1.00000,"{'atr_proxy': 0.0061645671401768755, 'momentum_20': 0.009742895805142204}"
NVDA,2025-04-15T14:45:00+00:00,2025-04-15T15:45:00+00:00,14,15,stock_trend_breakout,take_profit,111.68571,112.62927,0.01000,-0.04079,0.05022,4,1.00000,"{'atr_proxy': 0.006631050161206287, 'momentum_20': 0.005824245155475305}"
NVDA,2025-04-15T16:15:00+00:00,2025-04-15T16:45:00+00:00,16,16,stock_trend_breakout,stop_loss,113.35498,112.37524,0.01000,-0.06002,0.05023,2,1.00000,"{'atr_proxy': 0.004236966406215518, 'momentum_20': 0.02520818247646628}"
NVDA,2025-04-22T13:45:00+00:00,2025-04-22T15:45:00+00:00,13,15,stock_trend_breakout,time_stop,99.02581,98.78411,0.01000,-0.05261,0.05020,8,1.00000,"{'atr_proxy': 0.008185777426498298, 'momentum_20': 0.008150601181984962}"
NVDA,2025-04-22T16:15:00+00:00,2025-04-22T17:00:00+00:00,16,17,stock_trend_breakout,stop_loss,99.73611,98.62826,0.01000,-0.06128,0.05020,3,1.00000,"{'atr_proxy': 0.004927245358755784, 'momentum_20': 0.018707830709466577}"
NVDA,2025-04-24T13:45:00+00:00,2025-04-24T14:30:00+00:00,13,14,stock_trend_breakout,trailing_stop,105.03632,104.93736,0.01000,-0.05120,0.05021,3,1.00000,"{'atr_proxy': 0.011330297564429197, 'momentum_20': 0.0397136913017635}"
NVDA,2025-04-24T15:00:00+00:00,2025-04-24T17:30:00+00:00,15,17,stock_trend_breakout,time_stop,106.00759,105.94048,0.01000,-0.05088,0.05021,10,1.00000,"{'atr_proxy': 0.011612570654939447, 'momentum_20': 0.0369035731767009}"
NVDA,2025-04-24T19:45:00+00:00,2025-04-25T14:00:00+00:00,19,14,stock_trend_breakout,take_profit,106.46802,107.95150,0.01000,-0.03538,0.05021,9,1.00000,"{'atr_proxy': 0.005264147396127113, 'momentum_20': 0.014592274678111528}"
NVDA,2025-04-25T14:30:00+00:00,2025-04-25T16:30:00+00:00,14,16,stock_trend_breakout,take_profit,108.43858,110.31583,0.01000,-0.03145,0.05022,8,1.00000,"{'atr_proxy': 0.010890632210429097, 'momentum_20': 0.010633336442495978}"
NVDA,2025-04-25T17:00:00+00:00,2025-04-25T17:30:00+00:00,17,17,stock_trend_breakout,trailing_stop,111.35932,110.64074,0.01000,-0.05741,0.05022,2,1.00000,"{'atr_proxy': 0.006832036336871083, 'momentum_20': 0.042250183356391524}"
NVDA,2025-04-29T18:00:00+00:00,2025-04-29T18:45:00+00:00,18,18,stock_trend_breakout,trailing_stop,109.93401,109.47607,0.01000,-0.05480,0.05022,3,1.00000,"{'atr_proxy': 0.005462242250443755, 'momentum_20': 0.018403486000370783}"
NVDA,2025-04-30T17:30:00+00:00,2025-04-30T18:30:00+00:00,17,18,stock_trend_breakout,trailing_stop,107.11821,107.05676,0.01000,-0.05083,0.05021,4,1.00000,"{'atr_proxy': 0.0062599271232364915, 'momentum_20': 0.018460367304215408}"
NVDA,2025-04-30T19:30:00+00:00,2025-04-30T19:45:00+00:00,19,19,stock_trend_breakout,take_profit,107.67337,108.68629,0.01000,-0.04009,0.05022,1,1.00000,"{'atr_proxy': 0.005205186596644403, 'momentum_20': 0.011467085600284976}"
NVDA,2025-05-01T15:15:00+00:00,2025-05-01T15:45:00+00:00,15,15,stock_trend_breakout,stale_breakout,114.41528,113.17002,0.01000,-0.06268,0.05023,2,1.00000,"{'atr_proxy': 0.012683140170566392, 'momentum_20': 0.004172156346069489}"
NVDA,2025-05-02T16:00:00+00:00,2025-05-02T16:45:00+00:00,16,16,stock_trend_breakout,stop_loss,115.24552,114.33469,0.01000,-0.05934,0.05023,3,1.00000,"{'atr_proxy': 0.005036689679128117, 'momentum_20': 0.02178349600709839}"
NVDA,2025-05-02T18:00:00+00:00,2025-05-02T19:30:00+00:00,18,19,stock_trend_breakout,stop_loss,114.85041,114.17963,0.01000,-0.05694,0.05023,6,1.00000,"{'atr_proxy': 0.003905542000697106, 'momentum_20': 0.0068433058431303095}"
NVDA,2025-05-05T18:00:00+00:00,2025-05-05T18:45:00+00:00,18,18,stock_trend_breakout,trailing_stop,114.54532,114.08976,0.01000,-0.05478,0.05023,3,1.00000,"{'atr_proxy': 0.002795858634397863, 'momentum_20': 0.014042703995747363}"
NVDA,2025-05-06T18:00:00+00:00,2025-05-06T18:45:00+00:00,18,18,stock_trend_breakout,take_profit,113.32497,113.95989,0.01000,-0.04388,0.05023,3,1.00000,"{'atr_proxy': 0.0037974124608116467, 'momentum_20': 0.010665833630846056}"
NVDA,2025-05-06T19:15:00+00:00,2025-05-06T19:30:00+00:00,19,19,stock_trend_breakout,take_profit,114.32026,114.58462,0.01000,-0.04759,0.05023,1,1.00000,"{'atr_proxy': 0.0027138229887070145, 'momentum_20': 0.013980737650348463}"
NVDA,2025-05-07T15:45:00+00:00,2025-05-07T16:15:00+00:00,15,16,stock_trend_breakout,stale_breakout,114.10020,113.58980,0.01000,-0.05533,0.05023,2,1.00000,"{'atr_proxy': 0.00456100342075253, 'momentum_20': 0.0004387504387506347}"
NVDA,2025-05-07T19:30:00+00:00,2025-05-08T14:00:00+00:00,19,14,stock_trend_breakout,time_stop,116.99102,116.93895,0.01000,-0.05075,0.05023,10,1.00000,"{'atr_proxy': 0.03729683490162532, 'momentum_20': 0.03031905517362965}"
NVDA,2025-05-12T19:00:00+00:00,2025-05-12T19:30:00+00:00,19,19,stock_trend_breakout,stop_loss,122.96272,122.21744,0.01000,-0.05770,0.05025,2,1.00000,"{'atr_proxy': 0.0042321152437535285, 'momentum_20': 0.011900350010294547}"
NVDA,2025-05-13T13:30:00+00:00,2025-05-13T14:15:00+00:00,13,14,stock_trend_breakout,take_profit,126.60875,129.12048,0.01000,-0.02514,0.05026,3,1.00000,"{'atr_proxy': 0.016598822274038607, 'momentum_20': 0.03777376753342643}"
NVDA,2025-05-13T17:30:00+00:00,2025-05-13T17:45:00+00:00,17,17,stock_trend_breakout,stop_loss,130.91498,130.14679,0.01000,-0.05794,0.05026,1,1.00000,"{'atr_proxy': 0.0036607552362022755, 'momentum_20': 0.048657314629258375}"
NVDA,2025-05-14T16:15:00+00:00,2025-05-14T18:15:00+00:00,16,18,stock_trend_breakout,time_stop,135.06616,134.46396,0.01000,-0.05629,0.05027,8,1.00000,"{'atr_proxy': 0.003926798547825451, 'momentum_20': 0.006262581078058549}"
NVDA,2025-05-14T18:45:00+00:00,2025-05-14T19:30:00+00:00,18,19,stock_trend_breakout,stop_loss,135.18779,134.42547,0.01000,-0.05789,0.05027,3,1.00000,"{'atr_proxy': 0.0025908346632950853, 'momentum_20': 0.018291184562620133}"
NVDA,2025-05-15T16:15:00+00:00,2025-05-15T16:30:00+00:00,16,16,stock_trend_breakout,take_profit,135.31283,135.79958,0.01000,-0.04540,0.05027,1,1.00000,"{'atr_proxy': 0.00354986000239608, 'momentum_20': 0.005402632165960153}"
NVDA,2025-05-15T17:30:00+00:00,2025-05-15T18:00:00+00:00,17,18,stock_trend_breakout,stop_loss,136.25650,135.39869,0.01000,-0.05885,0.05027,2,1.00000,"{'atr_proxy': 0.0035252643948295373, 'momentum_20': 0.011139165305213083}"
NVDA,2025-05-19T14:45:00+00:00,2025-05-19T16:30:00+00:00,14,16,stock_trend_breakout,trailing_stop,134.75107,134.74888,0.01000,-0.05029,0.05027,7,1.00000,"{'atr_proxy': 0.00816902454420552, 'momentum_20': 0.0283717733312967}"
NVDA,2025-05-19T17:00:00+00:00,2025-05-19T19:00:00+00:00,17,19,stock_trend_breakout,time_stop,135.66633,135.06569,0.01000,-0.05628,0.05027,8,1.00000,"{'atr_proxy': 0.004610164490669027, 'momentum_20': 0.028291868932038833}"
NVDA,2025-05-21T13:30:00+00:00,2025-05-21T15:15:00+00:00,13,15,stock_trend_breakout,take_profit,134.26593,135.77938,0.01000,-0.03514,0.05027,7,1.00000,"{'atr_proxy': 0.009540135648803766, 'momentum_20': 0.008190562067928786}"
NVDA,2025-05-21T15:45:00+00:00,2025-05-21T17:00:00+00:00,15,17,stock_trend_breakout,trailing_stop,136.84167,136.33842,0.01000,-0.05531,0.05027,5,1.00000,"{'atr_proxy': 0.00555779004716802, 'momentum_20': 0.02592092430039772}"
NVDA,2025-05-22T14:15:00+00:00,2025-05-22T16:45:00+00:00,14,16,stock_trend_breakout,time_stop,133.13561,133.08435,0.01000,-0.05078,0.05027,10,1.00000,"{'atr_proxy': 0.005411906193625969, 'momentum_20': 0.0027132951462163213}"
NVDA,2025-05-22T18:30:00+00:00,2025-05-22T19:30:00+00:00,18,19,stock_trend_breakout,trailing_stop,133.67076,133.22931,0.01000,-0.05468,0.05027,4,1.00000,"{'atr_proxy': 0.003481190342504237, 'momentum_20': 0.013544274982927318}"
NVDA,2025-05-23T17:00:00+00:00,2025-05-23T17:30:00+00:00,17,17,stock_trend_breakout,trailing_stop,131.71021,131.52479,0.01000,-0.05212,0.05026,2,1.00000,"{'atr_proxy': 0.006344261672301633, 'momentum_20': 0.017038868711846122}"
NVDA,2025-05-23T18:00:00+00:00,2025-05-23T19:45:00+00:00,18,19,stock_trend_breakout,stop_loss,132.56525,131.21488,0.01000,-0.06377,0.05026,7,1.00000,"{'atr_proxy': 0.006492045734197633, 'momentum_20': 0.02602277128030339}"
NVDA,2025-05-27T14:15:00+00:00,2025-05-27T16:15:00+00:00,14,16,stock_trend_breakout,time_stop,135.38805,135.16876,0.01000,-0.05246,0.05027,8,1.00000,"{'atr_proxy': 0.005174001676376669, 'momentum_20': 0.005363751207549949}"
NVDA,2025-05-27T18:00:00+00:00,2025-05-27T19:15:00+00:00,18,19,stock_trend_breakout,stale_breakout,135.48128,135.04379,0.01000,-0.05465,0.05027,5,1.00000,"{'atr_proxy': 0.0028806736344498016, 'momentum_20': 0.004116294593191183}"
NVDA,2025-05-28T17:45:00+00:00,2025-05-28T18:15:00+00:00,17,18,stock_trend_breakout,trailing_stop,136.75664,136.57336,0.01000,-0.05211,0.05027,2,1.00000,"{'atr_proxy': 0.0028537977462316315, 'momentum_20': 0.001832710211861377}"
NVDA,2025-05-28T18:45:00+00:00,2025-05-28T19:30:00+00:00,18,19,stock_trend_breakout,stop_loss,136.99821,135.45867,0.01000,-0.06567,0.05027,3,1.00000,"{'atr_proxy': 0.005295778351588509, 'momentum_20': 0.013709737134394606}"
NVDA,2025-06-02T13:30:00+00:00,2025-06-02T15:30:00+00:00,13,15,stock_trend_breakout,time_stop,137.01882,136.97324,0.01000,-0.05073,0.05027,8,1.00000,"{'atr_proxy': 0.016505735743170685, 'momentum_20': 0.02371663551401859}"
NVDA,2025-06-02T18:00:00+00:00,2025-06-02T19:00:00+00:00,18,19,stock_trend_breakout,trailing_stop,137.54186,137.61656,0.01000,-0.04953,0.05028,4,1.00000,"{'atr_proxy': 0.003783331514423819, 'momentum_20': 0.018110356955291174}"
NVDA,2025-06-03T13:30:00+00:00,2025-06-03T13:45:00+00:00,13,13,stock_trend_breakout,take_profit,139.06730,140.22972,0.01000,-0.03866,0.05028,1,1.00000,"{'atr_proxy': 0.007915377419587125, 'momentum_20': 0.0146017376067753}"
NVDA,2025-06-03T14:15:00+00:00,2025-06-03T14:45:00+00:00,14,14,stock_trend_breakout,take_profit,141.39796,141.84645,0.01000,-0.04580,0.05028,2,1.00000,"{'atr_proxy': 0.003113941967445136, 'momentum_20': 0.030108624334767242}"
NVDA,2025-06-05T14:45:00+00:00,2025-06-05T15:30:00+00:00,14,15,stock_trend_breakout,take_profit,142.62331,143.73632,0.01000,-0.03916,0.05029,3,1.00000,"{'atr_proxy': 0.006034029117698545, 'momentum_20': 0.005751181991390908}"
NVDA,2025-06-05T16:15:00+00:00,2025-06-05T16:30:00+00:00,16,16,stock_trend_breakout,stop_loss,143.10345,141.84196,0.01000,-0.06290,0.05028,1,1.00000,"{'atr_proxy': 0.004021537708471676, 'momentum_20': 0.01299851243181993}"
NVDA,2025-06-06T13:30:00+00:00,2025-06-06T15:30:00+00:00,13,15,stock_trend_breakout,time_stop,142.99842,141.73189,0.01000,-0.06295,0.05028,8,1.00000,"{'atr_proxy': 0.009927921623512954, 'momentum_20': 0.018967484312606864}"
NVDA,2025-06-09T13:45:00+00:00,2025-06-09T14:45:00+00:00,13,14,stock_trend_breakout,trailing_stop,143.72262,144.13620,0.01000,-0.04615,0.05029,4,1.00000,"{'atr_proxy': 0.006510054029967152, 'momentum_20': 0.008241488241488293}"
NVDA,2025-06-10T18:45:00+00:00,2025-06-10T20:45:00+00:00,18,20,stock_trend_breakout,time_stop,144.00880,143.79130,0.01000,-0.05246,0.05029,8,1.00000,"{'atr_proxy': 0.007261477825392491, 'momentum_20': 0.01053367038831543}"
NVDA,2025-06-12T13:30:00+00:00,2025-06-13T13:00:00+00:00,13,13,stock_trend_breakout,time_stop,143.76864,142.63163,0.01000,-0.06166,0.05029,30,1.00000,"{'atr_proxy': 0.013780886754367753, 'momentum_20': 0.014475356588052435}"
NVDA,2025-06-16T13:30:00+00:00,2025-06-16T15:00:00+00:00,13,15,stock_trend_breakout,take_profit,143.86366,145.61078,0.01000,-0.03282,0.05029,6,1.00000,"{'atr_proxy': 0.007789100267798129, 'momentum_20': 0.0041558985821050776}"
NVDA,2025-06-18T14:15:00+00:00,2025-06-18T16:15:00+00:00,14,16,stock_trend_breakout,time_stop,145.31908,145.18091,0.01000,-0.05167,0.05029,8,1.00000,"{'atr_proxy': 0.003821787632557546, 'momentum_20': 0.0029698183576214454}"
NVDA,2025-06-23T15:00:00+00:00,2025-06-23T16:00:00+00:00,15,16,stock_trend_breakout,stop_loss,144.15875,143.52148,0.01000,-0.05666,0.05029,4,1.00000,"{'atr_proxy': 0.002568374288490741, 'momentum_20': 0.006146109791870247}"
NVDA,2025-06-23T17:30:00+00:00,2025-06-23T18:15:00+00:00,17,18,stock_trend_breakout,stop_loss,144.59367,143.81120,0.01000,-0.05811,0.05029,3,1.00000,"{'atr_proxy': 0.002768265709215676, 'momentum_20': 0.01279035536552886}"
NVDA,2025-06-24T13:30:00+00:00,2025-06-24T15:30:00+00:00,13,15,stock_trend_breakout,time_stop,147.74867,146.82044,0.01000,-0.05958,0.05029,8,1.00000,"{'atr_proxy': 0.014899535316551724, 'momentum_20': 0.012681069958847546}"
NVDA,2025-06-24T17:30:00+00:00,2025-06-24T18:30:00+00:00,17,18,stock_trend_breakout,stale_breakout,147.50970,147.22532,0.01000,-0.05314,0.05029,4,1.00000,"{'atr_proxy': 0.0021368970897496626, 'momentum_20': 0.013127147766323066}"
NVDA,2025-06-24T19:45:00+00:00,2025-06-25T13:00:00+00:00,19,13,stock_trend_breakout,take_profit,147.92982,149.69962,0.01000,-0.03260,0.05030,5,1.00000,"{'atr_proxy': 0.005073395116011635, 'momentum_20': 0.005270137023562604}"
NVDA,2025-06-25T13:30:00+00:00,2025-06-25T15:00:00+00:00,13,15,stock_trend_breakout,trailing_stop,151.35579,151.44762,0.01000,-0.04938,0.05030,6,1.00000,"{'atr_proxy': 0.01434663316915154, 'momentum_20': 0.024832305711768976}"
NVDA,2025-06-25T17:00:00+00:00,2025-06-25T17:15:00+00:00,17,17,stock_trend_breakout,take_profit,153.06128,153.79845,0.01000,-0.04294,0.05031,1,1.00000,"{'atr_proxy': 0.0018959205020919981, 'momentum_20': 0.023828647925033586}"
NVDA,2025-06-25T18:00:00+00:00,2025-06-25T19:00:00+00:00,18,19,stock_trend_breakout,take_profit,153.86311,154.24183,0.01000,-0.04652,0.05031,4,1.00000,"{'atr_proxy': 0.00253639400214349, 'momentum_20': 0.02644592790387157}"
NVDA,2025-06-25T19:45:00+00:00,2025-06-25T20:15:00+00:00,19,20,stock_trend_breakout,trailing_stop,154.41166,154.46846,0.01000,-0.04974,0.05031,2,1.00000,"{'atr_proxy': 0.0054435875834359625, 'momentum_20': 0.009750693463351334}"
NVDA,2025-06-26T14:15:00+00:00,2025-06-26T14:45:00+00:00,14,14,stock_trend_breakout,stale_breakout,156.55087,155.38800,0.01000,-0.06194,0.05031,2,1.00000,"{'atr_proxy': 0.004474312969243682, 'momentum_20': 0.0015915492957747635}"
NVDA,2025-06-26T18:00:00+00:00,2025-06-26T18:30:00+00:00,18,18,stock_trend_breakout,stale_breakout,156.45234,155.76949,0.01000,-0.05714,0.05031,2,1.00000,"{'atr_proxy': 0.004285254694432479, 'momentum_20': 0.001538018064185298}"
NVDA,2025-06-27T14:00:00+00:00,2025-06-27T14:30:00+00:00,14,14,stock_trend_breakout,take_profit,156.71732,157.51409,0.01000,-0.04235,0.05031,2,1.00000,"{'atr_proxy': 0.004597260798774056, 'momentum_20': 0.005231065468549456}"
NVDA,2025-06-27T15:00:00+00:00,2025-06-27T15:30:00+00:00,15,15,stock_trend_breakout,take_profit,157.48254,158.56410,0.01000,-0.03950,0.05032,2,1.00000,"{'atr_proxy': 0.005146778497903179, 'momentum_20': 0.010725065827499769}"
NVDA,2025-07-02T14:00:00+00:00,2025-07-02T14:45:00+00:00,14,14,stock_trend_breakout,take_profit,155.58190,157.00274,0.01000,-0.03610,0.05031,3,1.00000,"{'atr_proxy': 0.008103298239836893, 'momentum_20': 0.016341351810694293}"
NVDA,2025-07-02T15:15:00+00:00,2025-07-02T16:45:00+00:00,15,16,stock_trend_breakout,take_profit,156.46725,157.14420,0.01000,-0.04354,0.05031,6,1.00000,"{'atr_proxy': 0.004252230358456104, 'momentum_20': 0.022528119278053982}"
NVDA,2025-07-03T13:45:00+00:00,2025-07-03T14:00:00+00:00,13,14,stock_trend_breakout,take_profit,158.90744,159.56671,0.01000,-0.04373,0.05032,1,1.00000,"{'atr_proxy': 0.004219024020100107, 'momentum_20': 0.011171601400827624}"
NVDA,2025-07-03T14:30:00+00:00,2025-07-03T16:30:00+00:00,14,16,stock_trend_breakout,time_stop,160.03326,158.90200,0.01000,-0.06163,0.05032,8,1.00000,"{'atr_proxy': 0.005689989370349507, 'momentum_20': 0.020221995406991766}"
NVDA,2025-07-08T17:45:00+00:00,2025-07-08T19:45:00+00:00,17,19,stock_trend_breakout,time_stop,160.04827,159.89682,0.01000,-0.05183,0.05032,8,1.00000,"{'atr_proxy': 0.003094813842258305, 'momentum_20': 0.003923552550560316}"
NVDA,2025-07-09T13:30:00+00:00,2025-07-09T15:30:00+00:00,13,15,stock_trend_breakout,time_stop,164.02940,163.23077,0.01000,-0.05831,0.05033,8,1.00000,"{'atr_proxy': 0.01805703827970113, 'momentum_20': 0.025620972283050714}"
NVDA,2025-07-11T13:30:00+00:00,2025-07-11T15:00:00+00:00,13,15,stock_trend_breakout,trailing_stop,165.63316,166.07496,0.01000,-0.04591,0.05033,6,1.00000,"{'atr_proxy': 0.013411603937211938, 'momentum_20': 0.01750860585197933}"
NVDA,2025-07-17T16:15:00+00:00,2025-07-17T18:15:00+00:00,16,18,stock_trend_breakout,time_stop,173.96733,173.19193,0.01000,-0.05810,0.05035,8,1.00000,"{'atr_proxy': 0.0047451945558526, 'momentum_20': 0.008820355111987865}"
NVDA,2025-07-23T17:45:00+00:00,2025-07-23T18:15:00+00:00,17,18,stock_trend_breakout,take_profit,169.85606,170.55118,0.01000,-0.04339,0.05034,2,1.00000,"{'atr_proxy': 0.004123122238586237, 'momentum_20': 0.005151586925627782}"
NVDA,2025-07-23T18:45:00+00:00,2025-07-23T20:00:00+00:00,18,20,stock_trend_breakout,take_profit,170.92136,172.09324,0.01000,-0.03862,0.05034,5,1.00000,"{'atr_proxy': 0.0026929719286948334, 'momentum_20': 0.014672250438088508}"
NVDA,2025-07-24T17:00:00+00:00,2025-07-24T19:00:00+00:00,17,19,stock_trend_breakout,time_stop,173.60212,173.39277,0.01000,-0.05244,0.05035,8,1.00000,"{'atr_proxy': 0.002881927433067235, 'momentum_20': 0.00460335842501447}"
NVDA,2025-07-24T19:30:00+00:00,2025-07-24T20:30:00+00:00,19,20,stock_trend_breakout,trailing_stop,173.61213,173.46285,0.01000,-0.05184,0.05035,4,1.00000,"{'atr_proxy': 0.001786692026166406, 'momentum_20': 0.006205236755878918}"
NVDA,2025-07-25T13:45:00+00:00,2025-07-25T15:45:00+00:00,13,15,stock_trend_breakout,time_stop,174.39235,173.90283,0.01000,-0.05524,0.05035,8,1.00000,"{'atr_proxy': 0.0069426514043090795, 'momentum_20': 0.004524495677233453}"
NVDA,2025-07-25T16:45:00+00:00,2025-07-25T17:30:00+00:00,16,17,stock_trend_breakout,stop_loss,174.30232,173.67779,0.01000,-0.05659,0.05035,3,1.00000,"{'atr_proxy': 0.0021814633026206003, 'momentum_20': 0.005860953920775902}"
NVDA,2025-07-28T13:45:00+00:00,2025-07-28T15:45:00+00:00,13,15,stock_trend_breakout,time_stop,175.52767,174.84746,0.01000,-0.05715,0.05035,8,1.00000,"{'atr_proxy': 0.0042754531980389926, 'momentum_20': 0.004121350887235309}"
NVDA,2025-07-28T17:15:00+00:00,2025-07-28T18:30:00+00:00,17,18,stock_trend_breakout,trailing_stop,175.31761,175.29733,0.01000,-0.05055,0.05035,5,1.00000,"{'atr_proxy': 0.0020546772444495955, 'momentum_20': 0.0032064128256512614}"
NVDA,2025-07-28T19:15:00+00:00,2025-07-28T20:30:00+00:00,19,20,stock_trend_breakout,take_profit,176.26288,176.81190,0.01000,-0.04486,0.05035,5,1.00000,"{'atr_proxy': 0.0029803298231671294, 'momentum_20': 0.007031584964984905}"
NVDA,2025-07-30T13:30:00+00:00,2025-07-30T15:00:00+00:00,13,15,stock_trend_breakout,trailing_stop,177.43321,178.17881,0.01000,-0.04290,0.05036,6,1.00000,"{'atr_proxy': 0.009248554913294882, 'momentum_20': 0.005528777998298873}"
NVDA,2025-07-30T16:30:00+00:00,2025-07-30T17:15:00+00:00,16,17,stock_trend_breakout,trailing_stop,179.12870,178.89801,0.01000,-0.05266,0.05036,3,1.00000,"{'atr_proxy': 0.001842810859121937, 'momentum_20': 0.013129598189021152}"
NVDA,2025-07-30T18:00:00+00:00,2025-07-30T18:45:00+00:00,18,18,stock_trend_breakout,stop_loss,179.68385,178.03145,0.01000,-0.06688,0.05036,3,1.00000,"{'atr_proxy': 0.00417652791312822, 'momentum_20': 0.01644308597950972}"
NVDA,2025-08-04T13:30:00+00:00,2025-08-04T17:45:00+00:00,13,17,stock_trend_breakout,take_profit,176.83304,179.31159,0.01000,-0.02557,0.05036,17,1.00000,"{'atr_proxy': 0.013042863205545216, 'momentum_20': 0.008128921848260084}"
NVDA,2025-08-04T18:30:00+00:00,2025-08-04T18:45:00+00:00,18,18,stock_trend_breakout,stop_loss,179.61884,178.92970,0.01000,-0.05725,0.05036,1,1.00000,"{'atr_proxy': 0.0020054593058883275, 'momentum_20': 0.015758947517329203}"
NVDA,2025-08-04T19:30:00+00:00,2025-08-04T19:45:00+00:00,19,19,stock_trend_breakout,take_profit,179.53881,179.86103,0.01000,-0.04714,0.05036,1,1.00000,"{'atr_proxy': 0.002173549573649815, 'momentum_20': 0.012013536379018586}"
NVDA,2025-08-06T18:00:00+00:00,2025-08-06T19:45:00+00:00,18,19,stock_trend_breakout,trailing_stop,179.27374,179.30119,0.01000,-0.05008,0.05036,7,1.00000,"{'atr_proxy': 0.004175480702146032, 'momentum_20': 0.012975631819980737}"
NVDA,2025-08-07T13:30:00+00:00,2025-08-07T15:15:00+00:00,13,15,stock_trend_breakout,stale_breakout,183.10983,181.42059,0.01000,-0.06726,0.05036,7,1.00000,"{'atr_proxy': 0.013396174863387877, 'momentum_20': 0.01026830076184182}"
NVDA,2025-08-08T14:30:00+00:00,2025-08-08T15:00:00+00:00,14,15,stock_trend_breakout,take_profit,182.41963,183.12011,0.01000,-0.04336,0.05037,2,1.00000,"{'atr_proxy': 0.003047007843782541, 'momentum_20': 0.00153820798769444}"
NVDA,2025-08-08T15:30:00+00:00,2025-08-08T16:30:00+00:00,15,16,stock_trend_breakout,trailing_stop,182.46465,182.23536,0.01000,-0.05266,0.05036,4,1.00000,"{'atr_proxy': 0.004387047243015061, 'momentum_20': 0.0017303889255109173}"
NVDA,2025-08-08T18:45:00+00:00,2025-08-08T19:30:00+00:00,18,19,stock_trend_breakout,stale_breakout,182.99160,182.19537,0.01000,-0.05833,0.05037,3,1.00000,"{'atr_proxy': 0.0017771041186164431, 'momentum_20': 0.0042932454695223665}"
NVDA,2025-08-11T14:30:00+00:00,2025-08-11T16:30:00+00:00,14,16,stock_trend_breakout,time_stop,183.64788,183.20998,0.01000,-0.05475,0.05037,8,1.00000,"{'atr_proxy': 0.0035959875317306397, 'momentum_20': 0.014357798165137714}"
NVDA,2025-08-12T18:00:00+00:00,2025-08-12T18:45:00+00:00,18,18,stock_trend_breakout,trailing_stop,183.10523,182.83519,0.01000,-0.05307,0.05037,3,1.00000,"{'atr_proxy': 0.0016940316532546844, 'momentum_20': 0.003154259401381365}"
NVDA,2025-08-14T14:15:00+00:00,2025-08-14T14:45:00+00:00,14,14,stock_trend_breakout,stale_breakout,182.68971,182.14038,0.01000,-0.05586,0.05036,2,1.00000,"{'atr_proxy': 0.004693832840398726, 'momentum_20': 0.006061273969583558}"
NVDA,2025-08-18T13:30:00+00:00,2025-08-18T14:30:00+00:00,13,14,stock_trend_breakout,trailing_stop,182.20957,181.30052,0.01000,-0.05945,0.05036,4,1.00000,"{'atr_proxy': 0.012026359143327829, 'momentum_20': 0.013637628722515949}"
NVDA,2025-08-18T18:45:00+00:00,2025-08-18T19:15:00+00:00,18,19,stock_trend_breakout,stale_breakout,182.34961,182.08540,0.01000,-0.05301,0.05036,2,1.00000,"{'atr_proxy': 0.0026020632133450182, 'momentum_20': 0.00036613488365189184}"
NVDA,2025-08-20T19:45:00+00:00,2025-08-21T13:00:00+00:00,19,13,stock_trend_breakout,stale_breakout,175.49766,173.83235,0.01000,-0.06700,0.05035,5,1.00000,"{'atr_proxy': 0.008409829522777778, 'momentum_20': 0.03444411677971093}"
NVDA,2025-08-22T14:30:00+00:00,2025-08-22T16:00:00+00:00,14,16,stock_trend_breakout,trailing_stop,177.20315,177.21179,0.01000,-0.05027,0.05035,6,1.00000,"{'atr_proxy': 0.00756656032073183, 'momentum_20': 0.026399675437579706}"
NVDA,2025-08-25T14:00:00+00:00,2025-08-25T15:00:00+00:00,14,15,stock_trend_breakout,take_profit,179.25373,180.56583,0.01000,-0.03724,0.05036,4,1.00000,"{'atr_proxy': 0.0064746434452538065, 'momentum_20': 0.005641630178511381}"
NVDA,2025-08-25T15:30:00+00:00,2025-08-25T16:15:00+00:00,15,16,stock_trend_breakout,trailing_stop,181.37433,181.41059,0.01000,-0.05000,0.05036,3,1.00000,"{'atr_proxy': 0.0035307422833973177, 'momentum_20': 0.019889720362347374}"
NVDA,2025-08-25T19:00:00+00:00,2025-08-25T19:30:00+00:00,19,19,stock_trend_breakout,stop_loss,181.53438,180.82576,0.01000,-0.05745,0.05036,2,1.00000,"{'atr_proxy': 0.0024252445914289523, 'momentum_20': 0.012727120488989385}"
NVDA,2025-08-26T14:45:00+00:00,2025-08-26T15:15:00+00:00,14,15,stock_trend_breakout,stop_loss,181.63941,180.77077,0.01000,-0.05905,0.05036,2,1.00000,"{'atr_proxy': 0.0031950641767200137, 'momentum_20': 0.006487025948103797}"
NVDA,2025-08-26T18:00:00+00:00,2025-08-26T19:00:00+00:00,18,19,stock_trend_breakout,trailing_stop,181.80946,181.78549,0.01000,-0.05060,0.05036,4,1.00000,"{'atr_proxy': 0.002669235002751864, 'momentum_20': 0.005979404274166766}"
NVDA,2025-08-26T19:30:00+00:00,2025-08-27T13:15:00+00:00,19,13,stock_trend_breakout,stale_breakout,181.98141,181.88046,0.01000,-0.05137,0.05036,7,0.97674,"{'atr_proxy': 0.0026392202423794887, 'momentum_20': 0.0028225628584030993}"
NVDA,2025-08-27T18:15:00+00:00,2025-08-27T19:00:00+00:00,18,19,stock_trend_breakout,stop_loss,182.33221,180.98071,0.01000,-0.06388,0.05036,3,0.96291,"{'atr_proxy': 0.0019756056603298035, 'momentum_20': 0.0012780922028683417}"
NVDA,2025-09-03T14:30:00+00:00,2025-09-03T15:00:00+00:00,14,15,stock_trend_breakout,stale_breakout,172.16662,171.22769,0.01000,-0.05973,0.05034,2,1.00000,"{'atr_proxy': 0.005317915446887927, 'momentum_20': 0.0009301919720767771}"
NVDA,2025-09-08T13:30:00+00:00,2025-09-08T15:30:00+00:00,13,15,stock_trend_breakout,time_stop,170.13514,169.68813,0.01000,-0.05481,0.05034,8,1.00000,"{'atr_proxy': 0.016761846508536744, 'momentum_20': 0.015644226748700696}"
NVDA,2025-09-09T19:15:00+00:00,2025-09-09T20:00:00+00:00,19,20,stock_trend_breakout,take_profit,170.34620,172.89302,0.01000,-0.02488,0.05034,3,1.00000,"{'atr_proxy': 0.006226503759398509, 'momentum_20': 0.012851023322227428}"
NVDA,2025-09-10T13:30:00+00:00,2025-09-10T15:30:00+00:00,13,15,stock_trend_breakout,time_stop,178.67357,177.67166,0.01000,-0.06038,0.05036,8,1.00000,"{'atr_proxy': 0.0194887015932573, 'momentum_20': 0.0266486517564537}"
NVDA,2025-09-12T14:30:00+00:00,2025-09-12T15:30:00+00:00,14,15,stock_trend_breakout,stop_loss,178.22344,177.31176,0.01000,-0.05947,0.05036,4,1.00000,"{'atr_proxy': 0.003513460404794804, 'momentum_20': 0.0022225973441369895}"
NVDA,2025-09-18T14:15:00+00:00,2025-09-18T15:30:00+00:00,14,15,stock_trend_breakout,trailing_stop,175.88267,175.73221,0.01000,-0.05186,0.05035,5,1.00000,"{'atr_proxy': 0.007026031589265667, 'momentum_20': 0.009678327301970269}"
NVDA,2025-09-18T18:45:00+00:00,2025-09-18T19:15:00+00:00,18,19,stock_trend_breakout,stop_loss,176.96308,176.23707,0.01000,-0.05761,0.05035,2,1.00000,"{'atr_proxy': 0.0026858160640072055, 'momentum_20': 0.019131587287867013}"
NVDA,2025-09-19T14:00:00+00:00,2025-09-19T15:30:00+00:00,14,15,stock_trend_breakout,stop_loss,177.87214,176.05712,0.01000,-0.06850,0.05035,6,1.00000,"{'atr_proxy': 0.007088057298505044, 'momentum_20': 0.012956863638953653}"
NVDA,2025-09-22T16:00:00+00:00,2025-09-23T13:00:00+00:00,16,13,stock_trend_breakout,trailing_stop,180.47908,181.70051,0.01000,-0.03815,0.05036,20,1.00000,"{'atr_proxy': 0.027110938626157266, 'momentum_20': 0.027515096274353557}"
NVDA,2025-09-25T15:00:00+00:00,2025-09-25T16:15:00+00:00,15,16,stock_trend_breakout,trailing_stop,178.57854,179.15633,0.01000,-0.04458,0.05036,5,1.00000,"{'atr_proxy': 0.007508264694346408, 'momentum_20': 0.013343175107880967}"
NVDA,2025-09-29T13:30:00+00:00,2025-09-29T15:30:00+00:00,13,15,stock_trend_breakout,time_stop,183.71000,182.27335,0.01000,-0.06473,0.05037,8,1.00000,"{'atr_proxy': 0.018572984749455318, 'momentum_20': 0.021816562778272486}"
NVDA,2025-09-30T13:30:00+00:00,2025-09-30T14:30:00+00:00,13,14,stock_trend_breakout,take_profit,183.23957,185.56791,0.01000,-0.02709,0.05037,4,1.00000,"{'atr_proxy': 0.009119219875312501, 'momentum_20': 0.009590936655824667}"
NVDA,2025-09-30T15:00:00+00:00,2025-09-30T15:30:00+00:00,15,15,stock_trend_breakout,stop_loss,187.01094,185.75935,0.01000,-0.06289,0.05037,2,1.00000,"{'atr_proxy': 0.004868913857677884, 'momentum_20': 0.02901503055662613}"
NVDA,2025-10-01T14:45:00+00:00,2025-10-01T16:45:00+00:00,14,16,stock_trend_breakout,time_stop,187.32103,186.97461,0.01000,-0.05384,0.05037,8,1.00000,"{'atr_proxy': 0.0045403557502269876, 'momentum_20': 0.009762675296655976}"
NVDA,2025-10-01T17:15:00+00:00,2025-10-01T19:15:00+00:00,17,19,stock_trend_breakout,time_stop,187.68113,187.07248,0.01000,-0.05646,0.05037,8,1.00000,"{'atr_proxy': 0.0026390147678200383, 'momentum_20': 0.012850025082307148}"
NVDA,2025-10-07T13:30:00+00:00,2025-10-07T13:45:00+00:00,13,13,stock_trend_breakout,take_profit,187.30102,188.71351,0.01000,-0.03625,0.05038,1,1.00000,"{'atr_proxy': 0.007360970137293566, 'momentum_20': 0.005640915439991456}"
NVDA,2025-10-07T14:15:00+00:00,2025-10-07T15:00:00+00:00,14,15,stock_trend_breakout,stale_breakout,188.12636,185.85933,0.01000,-0.07304,0.05037,3,1.00000,"{'atr_proxy': 0.005511791340163696, 'momentum_20': 0.010019339242546277}"
NVDA,2025-10-08T13:30:00+00:00,2025-10-08T15:00:00+00:00,13,15,stock_trend_breakout,trailing_stop,188.36132,187.94433,0.01000,-0.05455,0.05038,6,1.00000,"{'atr_proxy': 0.01354581673306779, 'momentum_20': 0.009329258484799707}"
NVDA,2025-10-08T17:30:00+00:00,2025-10-08T18:30:00+00:00,17,18,stock_trend_breakout,stale_breakout,188.73153,188.10369,0.01000,-0.05666,0.05038,4,1.00000,"{'atr_proxy': 0.003525605171453053, 'momentum_20': 0.013051721359901292}"
NVDA,2025-10-08T19:45:00+00:00,2025-10-09T13:00:00+00:00,19,13,stock_trend_breakout,take_profit,189.17155,192.34158,0.01000,-0.01868,0.05038,5,1.00000,"{'atr_proxy': 0.006902570612504003, 'momentum_20': 0.0022530283351447355}"
NVDA,2025-10-09T13:45:00+00:00,2025-10-09T15:45:00+00:00,13,15,stock_trend_breakout,time_stop,194.51307,194.06699,0.01000,-0.05485,0.05039,8,1.00000,"{'atr_proxy': 0.014917695473251058, 'momentum_20': 0.020793950850661602}"
NVDA,2025-10-10T13:45:00+00:00,2025-10-10T14:45:00+00:00,13,14,stock_trend_breakout,trailing_stop,194.22299,194.03820,0.01000,-0.05224,0.05039,4,1.00000,"{'atr_proxy': 0.007882128689918094, 'momentum_20': 0.002686089157497795}"
NVDA,2025-10-16T14:30:00+00:00,2025-10-16T15:30:00+00:00,14,15,stock_trend_breakout,stale_breakout,183.27488,182.04191,0.01000,-0.06269,0.05037,4,1.00000,"{'atr_proxy': 0.004749815739906666, 'momentum_20': 0.007175849554602376}"
NVDA,2025-10-17T14:15:00+00:00,2025-10-17T14:45:00+00:00,14,14,stock_trend_breakout,stop_loss,183.38991,181.14067,0.01000,-0.07286,0.05036,2,1.00000,"{'atr_proxy': 0.0058598865124400495, 'momentum_20': 0.0322725992678119}"
NVDA,2025-10-17T17:45:00+00:00,2025-10-17T19:30:00+00:00,17,19,stock_trend_breakout,trailing_stop,182.96489,183.07992,0.01000,-0.04922,0.05037,7,1.00000,"{'atr_proxy': 0.005906315984623804, 'momentum_20': 0.016200400133377757}"
NVDA,2025-10-20T14:30:00+00:00,2025-10-20T15:00:00+00:00,14,15,stock_trend_breakout,stale_breakout,183.89505,183.20508,0.01000,-0.05727,0.05037,2,1.00000,"{'atr_proxy': 0.008161710694561581, 'momentum_20': 0.0029742414320017563}"
NVDA,2025-10-22T13:45:00+00:00,2025-10-22T14:15:00+00:00,13,14,stock_trend_breakout,stale_breakout,182.75973,180.29591,0.01000,-0.07500,0.05036,2,1.00000,"{'atr_proxy': 0.008540925266903927, 'momentum_20': 0.00711292456991619}"
NVDA,2025-10-23T13:45:00+00:00,2025-10-23T15:30:00+00:00,13,15,stock_trend_breakout,trailing_stop,181.44435,181.35061,0.01000,-0.05130,0.05036,7,1.00000,"{'atr_proxy': 0.00840984917418026, 'momentum_20': 0.003070029870561042}"
NVDA,2025-10-23T16:45:00+00:00,2025-10-23T18:15:00+00:00,16,18,stock_trend_breakout,take_profit,182.11955,182.60025,0.01000,-0.04556,0.05036,6,1.00000,"{'atr_proxy': 0.0022526234822262325, 'momentum_20': 0.013080262718468294}"
NVDA,2025-10-23T18:45:00+00:00,2025-10-23T19:30:00+00:00,18,19,stock_trend_breakout,stop_loss,183.04481,182.26035,0.01000,-0.05821,0.05037,3,1.00000,"{'atr_proxy': 0.0019132478749283774, 'momentum_20': 0.008823448313894033}"
NVDA,2025-10-24T13:30:00+00:00,2025-10-24T15:30:00+00:00,13,15,stock_trend_breakout,time_stop,185.77059,185.18452,0.01000,-0.05623,0.05037,8,1.00000,"{'atr_proxy': 0.013627060217602075, 'momentum_20': 0.013317323436305983}"
NVDA,2025-10-24T17:30:00+00:00,2025-10-24T18:30:00+00:00,17,18,stock_trend_breakout,stale_breakout,185.49041,184.97368,0.01000,-0.05554,0.05037,4,1.00000,"{'atr_proxy': 0.0025887380454946113, 'momentum_20': 0.006724716196665925}"
NVDA,2025-10-24T19:00:00+00:00,2025-10-27T13:00:00+00:00,19,13,stock_trend_breakout,take_profit,186.97093,190.18809,0.01000,-0.01821,0.05038,8,1.00000,"{'atr_proxy': 0.005886224981269351, 'momentum_20': 0.011804201862681385}"
NVDA,2025-10-27T17:00:00+00:00,2025-10-27T17:45:00+00:00,17,17,stock_trend_breakout,stop_loss,191.60224,190.98287,0.01000,-0.05658,0.05038,3,1.00000,"{'atr_proxy': 0.001984437829651655, 'momentum_20': 0.004933088428234145}"
NVDA,2025-10-28T13:30:00+00:00,2025-10-28T15:30:00+00:00,13,15,stock_trend_breakout,time_stop,194.00793,192.44745,0.01000,-0.06599,0.05039,8,1.00000,"{'atr_proxy': 0.014538796771448403, 'momentum_20': 0.016221174004192873}"
NVDA,2025-10-28T16:15:00+00:00,2025-10-28T16:30:00+00:00,16,16,stock_trend_breakout,take_profit,193.81297,194.62863,0.01000,-0.04223,0.05039,1,1.00000,"{'atr_proxy': 0.0029969008792458066, 'momentum_20': 0.0076476096342923405}"
NVDA,2025-10-28T17:00:00+00:00,2025-10-28T18:45:00+00:00,17,18,stock_trend_breakout,take_profit,196.15354,199.87034,0.01000,-0.01323,0.05040,7,1.00000,"{'atr_proxy': 0.016893491124260383, 'momentum_20': 0.014384766635620494}"
NVDA,2025-10-28T19:15:00+00:00,2025-10-28T20:45:00+00:00,19,20,stock_trend_breakout,take_profit,202.13024,204.48402,0.01000,-0.02687,0.05041,6,1.00000,"{'atr_proxy': 0.005969358710986877, 'momentum_20': 0.04765979515104379}"
NVDA,2025-10-29T13:30:00+00:00,2025-10-29T14:00:00+00:00,13,14,stock_trend_breakout,trailing_stop,210.99776,209.82450,0.01000,-0.06215,0.05042,2,1.00000,"{'atr_proxy': 0.021528831562974166, 'momentum_20': 0.016534104603519006}"
NVDA,2025-10-29T14:30:00+00:00,2025-10-29T15:30:00+00:00,14,15,stock_trend_breakout,stale_breakout,210.06750,207.55815,0.01000,-0.07551,0.05042,4,1.00000,"{'atr_proxy': 0.008763991426530143, 'momentum_20': 0.012295081967212962}"
NVDA,2025-11-03T14:00:00+00:00,2025-11-03T17:15:00+00:00,14,17,stock_trend_breakout,take_profit,207.53078,209.30265,0.01000,-0.03270,0.05042,13,1.00000,"{'atr_proxy': 0.008099260416365354, 'momentum_20': 0.013852771531918995}"
NVDA,2025-11-03T18:00:00+00:00,2025-11-03T18:45:00+00:00,18,18,stock_trend_breakout,stop_loss,211.11790,209.30265,0.01000,-0.06857,0.05042,3,1.00000,"{'atr_proxy': 0.004383884178253998, 'momentum_20': 0.022188256951845897}"
NVDA,2025-11-05T14:45:00+00:00,2025-11-05T15:45:00+00:00,14,15,stock_trend_breakout,take_profit,200.12467,202.43461,0.01000,-0.02730,0.05040,4,1.00000,"{'atr_proxy': 0.00819959002049905, 'momentum_20': 0.01337589299285602}"
NVDA,2025-11-05T18:30:00+00:00,2025-11-05T20:00:00+00:00,18,20,stock_trend_breakout,stop_loss,201.58008,200.52015,0.01000,-0.06100,0.05040,6,1.00000,"{'atr_proxy': 0.0035241853423672, 'momentum_20': 0.007576894223555897}"
NVDA,2025-11-07T19:30:00+00:00,2025-11-07T20:15:00+00:00,19,20,stock_trend_breakout,trailing_stop,186.70125,186.02428,0.01000,-0.05714,0.05037,3,1.00000,"{'atr_proxy': 0.01028991845239635, 'momentum_20': 0.01850655021834058}"
NVDA,2025-11-10T14:15:00+00:00,2025-11-10T15:15:00+00:00,14,15,stock_trend_breakout,take_profit,195.19327,196.50630,0.01000,-0.03726,0.05039,4,1.00000,"{'atr_proxy': 0.004459708837399918, 'momentum_20': 0.005048943843379838}"
NVDA,2025-11-10T18:45:00+00:00,2025-11-10T19:45:00+00:00,18,19,stock_trend_breakout,take_profit,197.09501,198.08085,0.01000,-0.04054,0.05040,4,1.00000,"{'atr_proxy': 0.004670496473775099, 'momentum_20': 0.013277777777777722}"
NVDA,2025-11-14T15:15:00+00:00,2025-11-14T16:15:00+00:00,15,16,stock_trend_breakout,take_profit,187.07536,189.86798,0.01000,-0.02245,0.05038,4,1.00000,"{'atr_proxy': 0.010429793051511349, 'momentum_20': 0.012698515870436689}"
NVDA,2025-11-14T19:15:00+00:00,2025-11-14T20:00:00+00:00,19,20,stock_trend_breakout,trailing_stop,190.07181,190.15310,0.01000,-0.04957,0.05038,3,1.00000,"{'atr_proxy': 0.004632554221941587, 'momentum_20': 0.03843000054665713}"
NVDA,2025-11-19T14:30:00+00:00,2025-11-19T15:45:00+00:00,14,15,stock_trend_breakout,trailing_stop,185.84061,185.74936,0.01000,-0.05128,0.05037,5,1.00000,"{'atr_proxy': 0.01459053464706835, 'momentum_20': 0.020494505494505377}"
NVDA,2025-11-21T18:45:00+00:00,2025-11-21T19:30:00+00:00,18,19,stock_trend_breakout,trailing_stop,182.98979,182.27035,0.01000,-0.05756,0.05037,3,1.00000,"{'atr_proxy': 0.021243438320209924, 'momentum_20': 0.004779957145211844}"
NVDA,2025-11-26T13:30:00+00:00,2025-11-26T14:45:00+00:00,13,14,stock_trend_breakout,trailing_stop,179.98894,178.62139,0.01000,-0.06403,0.05036,5,1.00000,"{'atr_proxy': 0.009839893262174682, 'momentum_20': 0.016500329735346986}"
NVDA,2025-12-01T15:00:00+00:00,2025-12-01T16:00:00+00:00,15,16,stock_trend_breakout,trailing_stop,178.31847,178.58140,0.01000,-0.04773,0.05036,4,1.00000,"{'atr_proxy': 0.00886594467201623, 'momentum_20': 0.017180365296803668}"
NVDA,2025-12-02T13:30:00+00:00,2025-12-02T14:15:00+00:00,13,14,stock_trend_breakout,trailing_stop,181.95940,181.63053,0.01000,-0.05365,0.05036,3,1.00000,"{'atr_proxy': 0.0038493284846459475, 'momentum_20': 0.01168233657858142}"
NVDA,2025-12-02T14:45:00+00:00,2025-12-02T16:00:00+00:00,14,16,stock_trend_breakout,stop_loss,184.86033,181.17066,0.01000,-0.08726,0.05037,5,1.00000,"{'atr_proxy': 0.007794316644113655, 'momentum_20': 0.02507906563835105}"
NVDA,2025-12-04T14:15:00+00:00,2025-12-04T14:45:00+00:00,14,14,stock_trend_breakout,stale_breakout,181.73944,180.59582,0.01000,-0.06180,0.05036,2,1.00000,"{'atr_proxy': 0.0053212575015140475, 'momentum_20': 0.006594990024384906}"
NVDA,2025-12-04T15:30:00+00:00,2025-12-04T17:15:00+00:00,15,17,stock_trend_breakout,trailing_stop,182.82985,183.43502,0.01000,-0.04431,0.05037,7,1.00000,"{'atr_proxy': 0.010343689610502702, 'momentum_20': 0.012692456908496297}"
NVDA,2025-12-08T14:30:00+00:00,2025-12-08T16:30:00+00:00,14,16,stock_trend_breakout,time_stop,185.27044,183.21008,0.01000,-0.07097,0.05037,8,1.00000,"{'atr_proxy': 0.0171743357096564, 'momentum_20': 0.015409925966547888}"
NVDA,2025-12-08T17:45:00+00:00,2025-12-08T18:15:00+00:00,17,18,stock_trend_breakout,trailing_stop,185.94063,185.77935,0.01000,-0.05198,0.05037,2,1.00000,"{'atr_proxy': 0.01931873217456817, 'momentum_20': 0.0162975116215478}"
NVDA,2025-12-08T18:45:00+00:00,2025-12-09T13:00:00+00:00,18,13,stock_trend_breakout,take_profit,184.54024,186.98321,0.01000,-0.02594,0.05037,9,1.00000,"{'atr_proxy': 0.008241609282654721, 'momentum_20': 0.010963109137751559}"
NVDA,2025-12-15T14:00:00+00:00,2025-12-15T14:30:00+00:00,14,14,stock_trend_breakout,stale_breakout,177.72830,176.87688,0.01000,-0.05887,0.05035,2,1.00000,"{'atr_proxy': 0.004109897534061422, 'momentum_20': 0.006003624830086096}"
NVDA,2025-12-15T16:15:00+00:00,2025-12-15T18:15:00+00:00,16,18,stock_trend_breakout,time_stop,178.35348,177.00185,0.01000,-0.06387,0.05036,8,1.00000,"{'atr_proxy': 0.00704087071166089, 'momentum_20': 0.006522107403015509}"
NVDA,2025-12-16T18:30:00+00:00,2025-12-16T19:00:00+00:00,18,19,stock_trend_breakout,stale_breakout,177.49823,176.03212,0.01000,-0.06501,0.05035,2,1.00000,"{'atr_proxy': 0.006680196177913086, 'momentum_20': 0.0032236172378690142}"
NVDA,2025-12-18T13:30:00+00:00,2025-12-18T16:00:00+00:00,13,16,stock_trend_breakout,trailing_stop,174.48738,174.87245,0.01000,-0.04650,0.05035,10,1.00000,"{'atr_proxy': 0.007971097602936038, 'momentum_20': 0.018574766355140326}"
NVDA,2025-12-19T14:15:00+00:00,2025-12-19T14:30:00+00:00,14,14,stock_trend_breakout,take_profit,176.81804,179.59101,0.01000,-0.02263,0.05036,1,1.00000,"{'atr_proxy': 0.007810537038085009, 'momentum_20': 0.0017005838671277917}"
NVDA,2025-12-19T15:00:00+00:00,2025-12-19T18:00:00+00:00,15,18,stock_trend_breakout,trailing_stop,179.02867,179.86603,0.01000,-0.04199,0.05036,12,1.00000,"{'atr_proxy': 0.01045159847976752, 'momentum_20': 0.01474591651542645}"
NVDA,2025-12-19T19:15:00+00:00,2025-12-19T19:45:00+00:00,19,19,stock_trend_breakout,trailing_stop,180.68334,180.18094,0.01000,-0.05538,0.05036,2,1.00000,"{'atr_proxy': 0.0030181498796617453, 'momentum_20': 0.021867466470488317}"
NVDA,2025-12-23T15:00:00+00:00,2025-12-23T15:30:00+00:00,15,15,stock_trend_breakout,take_profit,184.48022,185.67038,0.01000,-0.03847,0.05037,2,1.00000,"{'atr_proxy': 0.005586592178770956, 'momentum_20': 0.00561797752808979}"
NVDA,2025-12-23T16:00:00+00:00,2025-12-23T16:30:00+00:00,16,16,stock_trend_breakout,trailing_stop,187.05095,187.51895,0.01000,-0.04569,0.05037,2,1.00000,"{'atr_proxy': 0.0042259548518242245, 'momentum_20': 0.02141842421593254}"
NVDA,2025-12-23T19:45:00+00:00,2025-12-23T20:45:00+00:00,19,20,stock_trend_breakout,take_profit,188.72143,189.10840,0.01000,-0.04651,0.05038,4,1.00000,"{'atr_proxy': 0.0019882296802926675, 'momentum_20': 0.02338578404774827}"
NVDA,2025-12-26T13:30:00+00:00,2025-12-26T14:15:00+00:00,13,14,stock_trend_breakout,stop_loss,190.48143,189.79820,0.01000,-0.05721,0.05038,3,1.00000,"{'atr_proxy': 0.0016809415373785885, 'momentum_20': 0.011469048817045024}"
NVDA,2025-12-26T14:45:00+00:00,2025-12-26T16:00:00+00:00,14,16,stock_trend_breakout,trailing_stop,191.32217,191.06284,0.01000,-0.05298,0.05038,5,1.00000,"{'atr_proxy': 0.00593588201453894, 'momentum_20': 0.007269662329452586}"
NVDA,2025-12-26T18:30:00+00:00,2025-12-26T18:45:00+00:00,18,18,stock_trend_breakout,take_profit,191.84731,192.42066,0.01000,-0.04465,0.05038,1,1.00000,"{'atr_proxy': 0.0025034552898531293, 'momentum_20': 0.007172892716532875}"
NVDA,2025-12-26T19:15:00+00:00,2025-12-26T20:00:00+00:00,19,20,stock_trend_breakout,stop_loss,192.35246,191.44274,0.01000,-0.05948,0.05038,3,1.00000,"{'atr_proxy': 0.002236787349146787, 'momentum_20': 0.012268969511874062}"
NVDA,2025-12-31T13:30:00+00:00,2025-12-31T14:30:00+00:00,13,14,stock_trend_breakout,trailing_stop,189.25158,188.87847,0.01000,-0.05411,0.05038,4,1.00000,"{'atr_proxy': 0.0020090937929575737, 'momentum_20': 0.011173483025928688}"
NVDA,2026-01-02T14:30:00+00:00,2026-01-02T15:45:00+00:00,14,15,stock_trend_breakout,stale_breakout,191.91233,188.84848,0.01000,-0.08102,0.05038,5,1.00000,"{'atr_proxy': 0.012205422314911408, 'momentum_20': 0.008200168208578607}"
NVDA,2026-01-05T14:00:00+00:00,2026-01-05T14:30:00+00:00,14,14,stock_trend_breakout,stop_loss,192.18241,190.11811,0.01000,-0.07103,0.05038,2,1.00000,"{'atr_proxy': 0.0024470245223095688, 'momentum_20': 0.009460240710569057}"
NVDA,2026-01-06T13:30:00+00:00,2026-01-06T14:15:00+00:00,13,14,stock_trend_breakout,take_profit,189.89176,190.40803,0.01000,-0.04522,0.05038,3,1.00000,"{'atr_proxy': 0.0016814205922648336, 'momentum_20': 0.009521783073567658}"
NVDA,2026-01-06T14:45:00+00:00,2026-01-06T15:45:00+00:00,14,15,stock_trend_breakout,stale_breakout,192.01656,189.00843,0.01000,-0.08046,0.05038,4,1.00000,"{'atr_proxy': 0.011529711178806972, 'momentum_20': 0.014292811839323516}"
NVDA,2026-01-07T14:15:00+00:00,2026-01-07T15:00:00+00:00,14,15,stock_trend_breakout,take_profit,188.72143,190.40303,0.01000,-0.03356,0.05038,3,1.00000,"{'atr_proxy': 0.007263665765335751, 'momentum_20': 0.005062346797399586}"
NVDA,2026-01-07T15:30:00+00:00,2026-01-07T18:30:00+00:00,15,18,stock_trend_breakout,time_stop,189.49164,189.35333,0.01000,-0.05176,0.05038,12,1.00000,"{'atr_proxy': 0.013781814341535609, 'momentum_20': 0.012294205687406468}"
NVDA,2026-01-12T16:15:00+00:00,2026-01-12T17:15:00+00:00,16,17,stock_trend_breakout,take_profit,185.35037,186.17424,0.01000,-0.04213,0.05037,4,1.00000,"{'atr_proxy': 0.0028881466681853992, 'momentum_20': 0.01384653275682779}"
NVDA,2026-01-12T18:15:00+00:00,2026-01-12T20:00:00+00:00,18,20,stock_trend_breakout,stop_loss,186.89100,185.93930,0.01000,-0.05989,0.05037,7,1.00000,"{'atr_proxy': 0.003426489224494399, 'momentum_20': 0.019375102330404514}"
NVDA,2026-01-13T16:45:00+00:00,2026-01-13T17:30:00+00:00,16,17,stock_trend_breakout,stop_loss,187.78906,185.62939,0.01000,-0.07197,0.05037,3,1.00000,"{'atr_proxy': 0.007698828684677409, 'momentum_20': 0.01337958963282948}"
NVDA,2026-01-15T14:15:00+00:00,2026-01-15T14:30:00+00:00,14,14,stock_trend_breakout,take_profit,186.61082,188.67852,0.01000,-0.02970,0.05038,1,1.00000,"{'atr_proxy': 0.006970509383377925, 'momentum_20': 0.006150194216659299}"
NVDA,2026-01-15T15:00:00+00:00,2026-01-15T15:30:00+00:00,15,15,stock_trend_breakout,stop_loss,188.77644,187.37399,0.01000,-0.06440,0.05038,2,1.00000,"{'atr_proxy': 0.0053004001802136064, 'momentum_20': 0.014382493682455921}"
NVDA,2026-01-15T16:45:00+00:00,2026-01-15T19:00:00+00:00,16,19,stock_trend_breakout,time_stop,188.99650,188.79849,0.01000,-0.05236,0.05038,9,1.00000,"{'atr_proxy': 0.0048442173809461865, 'momentum_20': 0.014147651006711337}"
NVDA,2026-01-16T14:30:00+00:00,2026-01-16T15:15:00+00:00,14,15,stock_trend_breakout,stale_breakout,190.03190,187.52725,0.01000,-0.07542,0.05038,3,1.00000,"{'atr_proxy': 0.008872152026036225, 'momentum_20': 0.006892694306011915}"
NVDA,2026-01-21T14:45:00+00:00,2026-01-21T15:45:00+00:00,14,15,stock_trend_breakout,take_profit,180.51909,182.61525,0.01000,-0.02940,0.05036,4,1.00000,"{'atr_proxy': 0.00874674352862925, 'momentum_20': 0.008553220035778075}"
NVDA,2026-01-21T16:15:00+00:00,2026-01-21T16:30:00+00:00,16,16,stock_trend_breakout,stop_loss,182.84475,180.62582,0.01000,-0.07255,0.05036,1,1.00000,"{'atr_proxy': 0.0053355952608968955, 'momentum_20': 0.019157836029001674}"
NVDA,2026-01-21T19:15:00+00:00,2026-01-21T20:15:00+00:00,19,20,stock_trend_breakout,trailing_stop,183.08982,183.67995,0.01000,-0.04447,0.05037,4,1.00000,"{'atr_proxy': 0.011804568805333898, 'momentum_20': 0.021777976323430703}"
NVDA,2026-01-22T16:00:00+00:00,2026-01-22T16:45:00+00:00,16,16,stock_trend_breakout,trailing_stop,185.51551,185.41595,0.01000,-0.05137,0.05037,3,1.00000,"{'atr_proxy': 0.0027345540843019605, 'momentum_20': 0.0027312060573283503}"
NVDA,2026-01-23T14:15:00+00:00,2026-01-23T16:00:00+00:00,14,16,stock_trend_breakout,stale_breakout,187.68113,187.34890,0.01000,-0.05370,0.05038,7,1.00000,"{'atr_proxy': 0.004264541237937728, 'momentum_20': 0.01879311281299212}"
NVDA,2026-01-23T19:00:00+00:00,2026-01-23T19:45:00+00:00,19,19,stock_trend_breakout,stale_breakout,188.17127,187.45887,0.01000,-0.05750,0.05038,3,1.00000,"{'atr_proxy': 0.0022865043071360566, 'momentum_20': 0.004808719811925766}"
NVDA,2026-01-26T15:15:00+00:00,2026-01-26T16:30:00+00:00,15,16,stock_trend_breakout,stop_loss,187.45106,186.56413,0.01000,-0.05924,0.05037,5,1.00000,"{'atr_proxy': 0.0031493541155119217, 'momentum_20': 0.005042918454935652}"
NVDA,2026-01-27T14:45:00+00:00,2026-01-27T20:45:00+00:00,14,20,stock_trend_breakout,trailing_stop,187.75115,188.42160,0.01000,-0.04367,0.05038,24,1.00000,"{'atr_proxy': 0.009992538904284802, 'momentum_20': 0.0005332195798228856}"
NVDA,2026-01-30T14:00:00+00:00,2026-01-30T14:30:00+00:00,14,14,stock_trend_breakout,take_profit,190.99207,192.24751,0.01000,-0.03783,0.05038,2,1.00000,"{'atr_proxy': 0.0037196144174350796, 'momentum_20': 0.006751054852320637}"
NVDA,2026-01-30T15:00:00+00:00,2026-01-30T15:45:00+00:00,15,15,stock_trend_breakout,take_profit,192.34246,193.57713,0.01000,-0.03804,0.05039,3,1.00000,"{'atr_proxy': 0.006294542995370171, 'momentum_20': 0.015209928703459275}"
NVDA,2026-02-02T16:30:00+00:00,2026-02-02T17:15:00+00:00,16,17,stock_trend_breakout,trailing_stop,189.02651,189.09850,0.01000,-0.04966,0.05038,3,1.00000,"{'atr_proxy': 0.0029907630415795345, 'momentum_20': 0.006741273647748347}"
NVDA,2026-02-02T17:45:00+00:00,2026-02-02T19:45:00+00:00,17,19,stock_trend_breakout,time_stop,189.98969,187.32891,0.01000,-0.07699,0.05038,8,1.00000,"{'atr_proxy': 0.0044238955665720095, 'momentum_20': 0.0043792647447764566}"
NVDA,2026-02-06T14:30:00+00:00,2026-02-06T20:30:00+00:00,14,20,stock_trend_breakout,take_profit,180.05896,186.19423,0.01000,0.01099,0.05037,24,1.00000,"{'atr_proxy': 0.029897193664906896, 'momentum_20': 0.023140777803047463}"
NVDA,2026-02-09T14:30:00+00:00,2026-02-09T18:15:00+00:00,14,18,stock_trend_breakout,time_stop,191.03208,190.88090,0.01000,-0.05189,0.05038,15,1.00000,"{'atr_proxy': 0.03661219358893782, 'momentum_20': 0.035245634963669836}"
NVDA,2026-02-10T14:00:00+00:00,2026-02-10T14:30:00+00:00,14,14,stock_trend_breakout,stale_breakout,191.73228,189.30834,0.01000,-0.07462,0.05038,2,0.93323,"{'atr_proxy': 0.0019309049159795665, 'momentum_20': 0.0024063611634232984}"
NVDA,2026-02-11T13:30:00+00:00,2026-02-11T14:30:00+00:00,13,14,stock_trend_breakout,take_profit,191.31216,192.75736,0.01000,-0.03593,0.05038,4,1.00000,"{'atr_proxy': 0.007060669456066916, 'momentum_20': 0.012122174580488032}"
NVDA,2026-02-11T16:00:00+00:00,2026-02-11T18:00:00+00:00,16,18,stock_trend_breakout,time_stop,191.96235,191.18281,0.01000,-0.05818,0.05038,8,1.00000,"{'atr_proxy': 0.005577273911910311, 'momentum_20': 0.014006342494714552}"
NVDA,2026-02-11T19:45:00+00:00,2026-02-11T20:45:00+00:00,19,20,stock_trend_breakout,stale_breakout,191.63225,189.92817,0.01000,-0.06742,0.05038,4,0.93101,"{'atr_proxy': 0.0028717627401837038, 'momentum_20': 0.0015688735487919825}"
NVDA,2026-02-12T13:45:00+00:00,2026-02-12T14:30:00+00:00,13,14,stock_trend_breakout,stop_loss,192.66255,191.78764,0.01000,-0.05913,0.05038,3,1.00000,"{'atr_proxy': 0.0019735133731498076, 'momentum_20': 0.010124855733920857}"
NVDA,2026-02-17T16:15:00+00:00,2026-02-17T17:00:00+00:00,16,17,stock_trend_breakout,trailing_stop,183.68999,183.56498,0.01000,-0.05162,0.05037,3,1.00000,"{'atr_proxy': 0.004412245342629928, 'momentum_20': 0.014478337754199933}"
NVDA,2026-02-17T17:45:00+00:00,2026-02-17T19:15:00+00:00,17,19,stock_trend_breakout,take_profit,184.99036,186.30620,0.01000,-0.03721,0.05037,6,1.00000,"{'atr_proxy': 0.00692340977931632, 'momentum_20': 0.021097978570639553}"
NVDA,2026-02-17T19:45:00+00:00,2026-02-18T13:00:00+00:00,19,13,stock_trend_breakout,take_profit,186.08067,188.99843,0.01000,-0.02120,0.05038,5,1.00000,"{'atr_proxy': 0.005016938215841225, 'momentum_20': 0.03725807351218702}"
NVDA,2026-02-18T15:00:00+00:00,2026-02-18T16:30:00+00:00,15,16,stock_trend_breakout,trailing_stop,189.55166,189.38332,0.01000,-0.05206,0.05038,6,1.00000,"{'atr_proxy': 0.005595439189189201, 'momentum_20': 0.004666949512091678}"
NVDA,2026-02-19T15:45:00+00:00,2026-02-19T16:15:00+00:00,15,16,stock_trend_breakout,stale_breakout,188.03123,187.20894,0.01000,-0.05860,0.05038,2,1.00000,"{'atr_proxy': 0.005214985100042517, 'momentum_20': 0.0032030749519538215}"
NVDA,2026-02-20T15:30:00+00:00,2026-02-20T16:15:00+00:00,15,16,stock_trend_breakout,trailing_stop,189.32010,188.68352,0.01000,-0.05674,0.05038,3,1.00000,"{'atr_proxy': 0.009064074816934775, 'momentum_20': 0.004451345755693392}"
NVDA,2026-02-20T18:45:00+00:00,2026-02-20T19:30:00+00:00,18,19,stock_trend_breakout,stop_loss,189.92437,188.92345,0.01000,-0.06039,0.05038,3,1.00000,"{'atr_proxy': 0.003319063118043773, 'momentum_20': 0.016562767780634147}"
NVDA,2026-02-23T13:30:00+00:00,2026-02-23T14:30:00+00:00,13,14,stock_trend_breakout,take_profit,191.09710,192.22751,0.01000,-0.03908,0.05038,4,1.00000,"{'atr_proxy': 0.0025656465167422, 'momentum_20': 0.005448802316399215}"
NVDA,2026-02-23T15:00:00+00:00,2026-02-23T16:00:00+00:00,15,16,stock_trend_breakout,stale_breakout,191.60725,189.86319,0.01000,-0.06782,0.05038,4,1.00000,"{'atr_proxy': 0.012428522937935692, 'momentum_20': 0.006332439960061054}"
NVDA,2026-02-24T16:00:00+00:00,2026-02-24T16:30:00+00:00,16,16,stock_trend_breakout,stale_breakout,193.14768,191.90760,0.01000,-0.06279,0.05039,2,1.00000,"{'atr_proxy': 0.005232211775066798, 'momentum_20': 0.00277922077922077}"
NVDA,2026-02-25T14:45:00+00:00,2026-02-25T18:00:00+00:00,14,18,stock_trend_breakout,trailing_stop,195.94348,196.69614,0.01000,-0.04287,0.05039,13,1.00000,"{'atr_proxy': 0.007404381351172022, 'momentum_20': 0.010996386164171534}"
NVDA,2026-02-25T19:00:00+00:00,2026-02-25T20:45:00+00:00,19,20,stock_trend_breakout,stale_breakout,197.29376,195.76651,0.01000,-0.06567,0.05039,7,1.00000,"{'atr_proxy': 0.0031443367199190998, 'momentum_20': 0.013631963711155493}"
NVDA,2026-03-02T15:15:00+00:00,2026-03-02T15:45:00+00:00,15,15,stock_trend_breakout,trailing_stop,180.60912,180.56083,0.01000,-0.05084,0.05036,2,1.00000,"{'atr_proxy': 0.0061495844875345445, 'momentum_20': 0.03473973859206603}"
NVDA,2026-03-02T16:15:00+00:00,2026-03-02T16:30:00+00:00,16,16,stock_trend_breakout,take_profit,181.02924,182.52528,0.01000,-0.03540,0.05036,1,1.00000,"{'atr_proxy': 0.006384037143488842, 'momentum_20': 0.034419668381932444}"
NVDA,2026-03-02T19:15:00+00:00,2026-03-02T20:00:00+00:00,19,20,stock_trend_breakout,stop_loss,182.75473,181.72050,0.01000,-0.06071,0.05036,3,1.00000,"{'atr_proxy': 0.002901804046100365, 'momentum_20': 0.04368571428571433}"
NVDA,2026-03-03T19:00:00+00:00,2026-03-03T19:45:00+00:00,19,19,stock_trend_breakout,trailing_stop,180.11898,179.95101,0.01000,-0.05204,0.05036,3,1.00000,"{'atr_proxy': 0.005325815232487046, 'momentum_20': 0.015857787810383828}"
NVDA,2026-03-04T15:15:00+00:00,2026-03-04T16:00:00+00:00,15,16,stock_trend_breakout,stale_breakout,183.57996,181.86046,0.01000,-0.06756,0.05037,3,1.00000,"{'atr_proxy': 0.00844824766991885, 'momentum_20': 0.006142034548944464}"
NVDA,2026-03-04T18:15:00+00:00,2026-03-04T18:45:00+00:00,18,18,stock_trend_breakout,take_profit,183.15974,184.40974,0.01000,-0.03787,0.05037,2,1.00000,"{'atr_proxy': 0.0036875190863257033, 'momentum_20': 0.005149023514075424}"
NVDA,2026-03-04T19:15:00+00:00,2026-03-04T20:00:00+00:00,19,20,stock_trend_breakout,stop_loss,184.41520,183.20988,0.01000,-0.06242,0.05037,3,1.00000,"{'atr_proxy': 0.002984183825723726, 'momentum_20': 0.02158971232193352}"
NVDA,2026-03-05T16:00:00+00:00,2026-03-05T17:15:00+00:00,16,17,stock_trend_breakout,stale_breakout,183.55996,180.96072,0.01000,-0.07636,0.05036,5,1.00000,"{'atr_proxy': 0.0056691196511310556, 'momentum_20': 0.0035009025764454194}"
NVDA,2026-03-06T15:30:00+00:00,2026-03-06T16:00:00+00:00,15,16,stock_trend_breakout,stale_breakout,182.03452,181.27063,0.01000,-0.05800,0.05036,2,1.00000,"{'atr_proxy': 0.004314964958087105, 'momentum_20': 0.001734485986454537}"
NVDA,2026-03-09T15:45:00+00:00,2026-03-09T17:00:00+00:00,15,17,stock_trend_breakout,trailing_stop,179.84890,179.80105,0.01000,-0.05084,0.05036,5,1.00000,"{'atr_proxy': 0.007288305329921009, 'momentum_20': 0.021308028865276496}"
NVDA,2026-03-09T18:30:00+00:00,2026-03-09T18:45:00+00:00,18,18,stock_trend_breakout,stop_loss,180.32904,179.22122,0.01000,-0.06144,0.05036,1,1.00000,"{'atr_proxy': 0.003911885473310468, 'momentum_20': 0.023250532292405923}"
NVDA,2026-03-09T19:15:00+00:00,2026-03-09T20:00:00+00:00,19,20,stock_trend_breakout,trailing_stop,182.13955,181.89046,0.01000,-0.05285,0.05036,3,1.00000,"{'atr_proxy': 0.01312970389496245, 'momentum_20': 0.022008870922463508}"
NVDA,2026-03-10T14:15:00+00:00,2026-03-10T15:00:00+00:00,14,15,stock_trend_breakout,take_profit,184.16013,185.64439,0.01000,-0.03553,0.05037,3,1.00000,"{'atr_proxy': 0.007253463732681379, 'momentum_20': 0.0035988876165549133}"
NVDA,2026-03-10T15:30:00+00:00,2026-03-10T16:00:00+00:00,15,16,stock_trend_breakout,trailing_stop,185.77059,185.40915,0.01000,-0.05399,0.05037,2,1.00000,"{'atr_proxy': 0.0036631476893246263, 'momentum_20': 0.016145804827321975}"
NVDA,2026-03-10T17:30:00+00:00,2026-03-10T18:00:00+00:00,17,18,stock_trend_breakout,trailing_stop,185.50261,184.51971,0.01000,-0.06020,0.05037,2,1.00000,"{'atr_proxy': 0.005528822425551066, 'momentum_20': 0.0186379120879121}"
NVDA,2026-03-11T13:45:00+00:00,2026-03-11T14:15:00+00:00,13,14,stock_trend_breakout,trailing_stop,187.00844,186.79906,0.01000,-0.05247,0.05037,2,1.00000,"{'atr_proxy': 0.007062694792600337, 'momentum_20': 0.009710967044840757}"
NVDA,2026-03-11T14:45:00+00:00,2026-03-11T15:15:00+00:00,14,15,stock_trend_breakout,stale_breakout,186.54581,184.96568,0.01000,-0.06617,0.05037,2,1.00000,"{'atr_proxy': 0.002735537855016597, 'momentum_20': 0.011913808076422061}"
NVDA,2026-03-16T13:30:00+00:00,2026-03-16T15:45:00+00:00,13,15,stock_trend_breakout,time_stop,184.37029,184.00135,0.01000,-0.05406,0.05037,9,1.00000,"{'atr_proxy': 0.011992829701058458, 'momentum_20': 0.013531903190318939}"
NVDA,2026-03-16T17:00:00+00:00,2026-03-16T18:15:00+00:00,17,18,stock_trend_breakout,trailing_stop,184.98006,184.82462,0.01000,-0.05192,0.05037,5,1.00000,"{'atr_proxy': 0.003164390919658592, 'momentum_20': 0.009059003329512594}"
NVDA,2026-03-16T19:00:00+00:00,2026-03-16T19:15:00+00:00,19,19,stock_trend_breakout,signal_exit,185.62054,181.72430,0.01000,-0.08933,0.05037,1,1.00000,"{'atr_proxy': 0.029486281063015467, 'momentum_20': 0.006838534599728607}"
NVDA,2026-03-19T18:15:00+00:00,2026-03-19T18:30:00+00:00,18,18,stock_trend_breakout,stop_loss,179.07858,178.16652,0.01000,-0.05948,0.05036,1,1.00000,"{'atr_proxy': 0.0029613918318108306, 'momentum_20': 0.005392393685748065}"
NVDA,2026-03-19T19:00:00+00:00,2026-03-19T20:00:00+00:00,19,20,stock_trend_breakout,stale_breakout,179.81389,178.46143,0.01000,-0.06388,0.05036,4,1.00000,"{'atr_proxy': 0.007484488467210143, 'momentum_20': 0.009096779627705942}"
NVDA,2026-03-23T15:00:00+00:00,2026-03-23T15:30:00+00:00,15,15,stock_trend_breakout,stop_loss,178.10841,176.56697,0.01000,-0.06577,0.05035,2,1.00000,"{'atr_proxy': 0.004719101123595525, 'momentum_20': 0.04002337131171485}"
NVDA,2026-03-25T13:30:00+00:00,2026-03-25T15:45:00+00:00,13,15,stock_trend_breakout,time_stop,179.31875,179.26620,0.01000,-0.05088,0.05036,9,1.00000,"{'atr_proxy': 0.016684336811561905, 'momentum_20': 0.00815706570657082}"
NVDA,2026-03-31T13:30:00+00:00,2026-03-31T14:15:00+00:00,13,14,stock_trend_breakout,take_profit,168.36563,170.87359,0.01000,-0.02526,0.05034,3,1.00000,"{'atr_proxy': 0.010519434208962213, 'momentum_20': 0.010570570570570537}"
NVDA,2026-03-31T14:45:00+00:00,2026-03-31T15:30:00+00:00,14,15,stock_trend_breakout,trailing_stop,170.15124,169.99884,0.01000,-0.05186,0.05034,3,1.00000,"{'atr_proxy': 0.006351256225554186, 'momentum_20': 0.02123055672331997}"
NVDA,2026-03-31T16:30:00+00:00,2026-03-31T18:30:00+00:00,16,18,stock_trend_breakout,time_stop,173.36736,173.31290,0.01000,-0.05089,0.05035,8,1.00000,"{'atr_proxy': 0.01717069634532547, 'momentum_20': 0.034451609051286525}"
NVDA,2026-03-31T19:00:00+00:00,2026-03-31T20:30:00+00:00,19,20,stock_trend_breakout,trailing_stop,174.01724,174.28262,0.01000,-0.04769,0.05035,6,1.00000,"{'atr_proxy': 0.0036800644011269414, 'momentum_20': 0.023511755877938967}"
NVDA,2026-04-01T14:45:00+00:00,2026-04-01T16:45:00+00:00,14,16,stock_trend_breakout,time_stop,176.78803,176.54698,0.01000,-0.05276,0.05035,8,1.00000,"{'atr_proxy': 0.005122254924156674, 'momentum_20': 0.00712534914210794}"
NVDA,2026-04-02T15:00:00+00:00,2026-04-02T17:00:00+00:00,15,17,stock_trend_breakout,time_stop,176.85865,176.58697,0.01000,-0.05307,0.05035,8,1.00000,"{'atr_proxy': 0.007835899849845033, 'momentum_20': 0.03169857576465085}"
NVDA,2026-04-02T18:00:00+00:00,2026-04-02T18:45:00+00:00,18,18,stock_trend_breakout,trailing_stop,176.88816,176.73692,0.01000,-0.05187,0.05035,3,1.00000,"{'atr_proxy': 0.003761735625220375, 'momentum_20': 0.03567930165797639}"
NVDA,2026-04-02T19:15:00+00:00,2026-04-02T20:00:00+00:00,19,20,stock_trend_breakout,trailing_stop,177.01309,177.04184,0.01000,-0.05007,0.05035,3,1.00000,"{'atr_proxy': 0.0028263757383906614, 'momentum_20': 0.016432531816484408}"
